freq,target,ls_only,lowpeak
2.000000000000000355e+01 9.699999999999973088e-01 8.597189218126478627e-01 4.578673850072099150e-01
2.119532497352141931e+01 9.557355920312620157e-01 8.541838303477179428e-01 4.914490559675960268e-01
2.246209003665904547e+01 9.414711840625265005e-01 8.479864788755713256e-01 5.250665538962782097e-01
2.380456489557430189e+01 9.265944468135621781e-01 8.410532007040780744e-01 5.582071786274401815e-01
2.522727444074887515e+01 8.671259290847496137e-01 8.333042314746285095e-01 5.902961468452784244e-01
2.673501399839415882e+01 8.085854523749304024e-01 8.246539756948696454e-01 6.207104273935132310e-01
2.833286549338041738e+01 7.902235118804369352e-01 8.150116037099180977e-01 6.487983424663310572e-01
3.002621457816347217e+01 7.718615713859433569e-01 8.042820817101813402e-01 6.739045449455034476e-01
3.182076878544305387e+01 7.534996308914498897e-01 7.923677495384872094e-01 6.953992690446147984e-01
3.372257676573761387e+01 7.317952112282732902e-01 7.791705650344464829e-01 7.127100114863527125e-01
3.573804867471657332e+01 6.925538615471914516e-01 7.645951267374007099e-01 7.253531614815468265e-01
3.787397777900721252e+01 6.858624447041535843e-01 7.485525590458059764e-01 7.329627056169257804e-01
4.013756335329935609e+01 6.756749640597837780e-01 7.309652912335767860e-01 7.353131125789802436e-01
4.253643494592419216e+01 6.551951731159413317e-01 7.117726759869695830e-01 7.323339178407521910e-01
4.507867809469583165e+01 6.347153821720986633e-01 6.909372729215702558e-01 7.241143548600738056e-01
4.777286157969196978e+01 6.144397535053667259e-01 6.684514720395873244e-01 7.108974964809849917e-01
5.062806630483134995e+01 5.954724743132525644e-01 6.443439644975373914e-01 6.930645841027962550e-01
5.365391590559452339e+01 5.765051951211382919e-01 6.186854109811936731e-01 6.711113139266369210e-01
5.686060918605328141e+01 5.575379159290241304e-01 5.915925473588782291e-01 6.456186322205331729e-01
6.025895449453985009e+01 5.385706367369097469e-01 5.632299479330580283e-01 6.172209540528134086e-01
6.386040615382054852e+01 5.190667473772563323e-01 5.338087750026309086e-01 5.865746506963048779e-01
6.767710306856467639e+01 4.971029694369591967e-01 5.035820989234103262e-01 5.543292218251393288e-01
7.172190964023661763e+01 4.751391914966617835e-01 4.728367599420537637e-01 5.211029104787047173e-01
7.600845912731772103e+01 4.531754135563643704e-01 4.418822067841007284e-01 4.874637755330068489e-01
8.055119959700596155e+01 4.312116356160671793e-01 4.110372001256890617e-01 4.539165342053769758e-01
8.536544262327643651e+01 4.092559893684111216e-01 3.806156116454689764e-01 4.208949131894498263e-01
9.046741489544203318e+01 3.873297950439366089e-01 3.509126996874700199e-01 3.887588432980370046e-01
9.587431291116433840e+01 3.654036007194619295e-01 3.221931630149293957e-01 3.577956025108027793e-01
1.016043609382604700e+02 3.484181058259163133e-01 2.946819846063758463e-01 3.282239331340327526e-01
1.076768724406697970e+02 3.321020196221598497e-01 2.685586485799212886e-01 3.002001928839167499e-01
1.141123151756204237e+02 3.154949582511378803e-01 2.439548424357127210e-01 2.738257085608971630e-01
1.209323801814087318e+02 2.980149713783191712e-01 2.209553377670727126e-01 2.491546476597747695e-01
1.281600548883199338e+02 2.805349845055004621e-01 1.996014426280746101e-01 2.262018816350948591e-01
1.358197005991142987e+02 2.630549976326814754e-01 1.798962645494721624e-01 2.049504644838018586e-01
1.439371346002304506e+02 2.455750107598627663e-01 1.618110060578828446e-01 1.853584815504686067e-01
1.525397171804688981e+02 2.282721149640379310e-01 1.452916012256248723e-01 1.673651304011732066e-01
1.616564438504543091e+02 2.180334867773388030e-01 1.302651486721610741e-01 1.508959779465059992e-01
1.713180430737100153e+02 2.087516267471551945e-01 1.166457641724455568e-01 1.358673976078267343e-01
1.815570798387511786e+02 1.994697667169717248e-01 1.043396339296653180e-01 1.221902303146581020e-01
1.924080654212952197e+02 1.901879066867882551e-01 9.324918023381027765e-02 1.097727378422285738e-01
2.039075737065460601e+02 1.803023145304119557e-01 8.327634761161327448e-02 9.852292952012904614e-02
2.160943644636257375e+02 1.692092581216499414e-01 7.432508022226833044e-02 8.835034753621387460e-02
2.290095139876562769e+02 1.581162017128879549e-01 6.630309595935901523e-02 7.916739419719226456e-02
2.426965535498286499e+02 1.470231453041259406e-01 5.912307554067079002e-02 7.089027907816856933e-02
2.572016161221133075e+02 1.359300888953637598e-01 5.270338364634485212e-02 6.343965633236584023e-02
2.725735918711548607e+02 1.268061712820539033e-01 4.696842877207890732e-02 5.674101397887838794e-02
2.888642929454564410e+02 1.209602775437525479e-01 4.184875403247859116e-02 5.072486822472017931e-02
3.061286281112719507e+02 1.151143838054512758e-01 3.728093515295628074e-02 4.532680771109856566e-02
3.244247878258346418e+02 1.092684900671500176e-01 3.320734665432129029e-02 4.048742482265162840e-02
3.438144403717149657e+02 1.034225963288487593e-01 2.957584347954106407e-02 3.615216453793589774e-02
3.643629397133950079e+02 9.581883888745057476e-02 2.633939368951871557e-02 3.227111529185210104e-02
3.861395457766499817e+02 8.573232475536751718e-02 2.345568831625913925e-02 2.879876134159312789e-02
4.092176578932022721e+02 7.564581062328445960e-02 2.088674688689243913e-02 2.569371186486941322e-02
4.336750621974871365e+02 6.555929649120120772e-02 1.859853128758927332e-02 2.291841849111396837e-02
4.595941938093926069e+02 5.547278235911815708e-02 1.656057623098842677e-02 2.043889009550527505e-02
4.870624146866830415e+02 4.907753521939092756e-02 1.474564128922788327e-02 1.822441135574661905e-02
5.161723080836154622e+02 4.774155798763539404e-02 1.312938711137772232e-02 1.624726968760865919e-02
5.470219906082421630e+02 4.867524942805608740e-02 1.169007675749453648e-02 1.448249368816842755e-02
5.797154429302137260e+02 4.960894086847678075e-02 1.040830191078191691e-02 1.290760504536103866e-02
6.143628602537394272e+02 5.054263230889748104e-02 9.266732950152116455e-03 1.150238495417985930e-02
6.510810237370064897e+02 4.889320483469195011e-02 8.249891352662448371e-03 1.024865534743913016e-02
6.899936941099432488e+02 4.667423932955013649e-02 7.343942560802288293e-03 9.130074709475194047e-03
7.312320288170387812e+02 4.445527382440832287e-02 6.536507239178262693e-03 8.131947774246259600e-03
7.749350240912265235e+02 4.223630831926646761e-02 5.816488722974888156e-03 7.241048060902632692e-03
8.212499834488596662e+02 4.001734281412465399e-02 5.173914354329417313e-03 6.445451895189111685e-03
8.703330141848832682e+02 3.474072489258574897e-02 4.599788297590582005e-03 5.734382273358023391e-03
9.223495535416523126e+02 2.687537363805729204e-02 4.085953322268743616e-03 5.098060663827320114e-03
9.774749263248855868e+02 1.901002238352897389e-02 3.624958865019298117e-03 4.527564529816667516e-03
1.035894935846242561e+03 1.114467112900065227e-02 3.209932447406434360e-03 4.014688017389926068e-03
1.097806490184311542e+03 3.279319874472330643e-03 2.834451197540567655e-03 3.551802824036992025e-03
1.163418265874871622e+03 -4.468671207216119712e-03 2.492409761624340102e-03 3.131715736413108638e-03
1.232951411267432377e+03 -1.213274189774916044e-02 2.177880279636182359e-03 2.747518647652971192e-03
1.306640291918754201e+03 -1.979681258828220117e-02 1.884959274760612553e-03 2.392425998657901707e-03
1.384733280535745735e+03 -2.746088327881537547e-02 1.607595235084385626e-03 2.059593479459395117e-03
1.467493594130276279e+03 -3.512495396934841446e-02 1.339389269905357470e-03 1.741910401754204283e-03
1.555200181207607329e+03 -3.598356843967670526e-02 1.073359427680984019e-03 1.431756338582820158e-03
1.648148661978733344e+03 -3.275659110744362501e-02 8.016569630972027747e-04 1.120710312690305311e-03
1.746652324765687808e+03 -2.947081549711168605e-02 5.152199256262098232e-04 7.991978885834830244e-04
1.851043181958270907e+03 -2.584046599834954189e-02 2.033457645572268673e-04 4.560578373764216762e-04
1.961673089081334410e+03 -2.221011649958740120e-02 -1.468399486962278125e-04 7.800544689229156029e-05
2.078914930744525464e+03 -2.401691934704789852e-02 -5.510472472748229435e-04 -3.510361233981055813e-04
2.203163877471799424e+03 -2.704229836761938566e-02 -1.028653401155819750e-03 -8.507719326358581394e-04
2.334838717646917758e+03 -3.006767738819092484e-02 -1.603746086973915127e-03 -1.445582460338228851e-03
2.474383269064321667e+03 -3.309305640876240850e-02 -2.306431101627048636e-03 -2.165834960596672680e-03
2.622267874843128993e+03 -3.611843542933389911e-02 -3.174467780469575513e-03 -3.049522161132880733e-03
2.778990988746275434e+03 -3.156982832333991851e-02 -4.255305187484885281e-03 -4.144301406673109658e-03
2.945080855248244916e+03 -3.137458540421424885e-02 -5.608599713867024224e-03 -5.510014912182537548e-03
3.121097290014150076e+03 -4.168422777083459485e-02 -7.309296046273920308e-03 -7.221773114891365426e-03
3.307633566791346766e+03 -5.199387013745475350e-02 -9.451341698300422950e-03 -9.373671343916513410e-03
3.505318417073517139e+03 -6.230351250407491909e-02 -1.215206899269697001e-02 -1.208317371927666341e-02
3.714818149277144130e+03 -7.621098137415982521e-02 -1.555719931046327213e-02 -1.549611911728008239e-02
3.936838894573223115e+03 -9.131772574539964715e-02 -1.984627511283603568e-02 -1.979215472886005842e-02
4.172128986943918790e+03 -1.064244701166397189e-01 -2.523806726596834055e-02 -2.519014475841178588e-02
4.421481485486251586e+03 -1.222799948207035359e-01 -3.199509080318647947e-02 -3.195268741447599564e-02
4.685736847464466337e+03 -1.551564088098165428e-01 -4.042574481279596899e-02 -4.038825589523103998e-02
4.965785761120655479e+03 -1.645550261066209830e-01 -5.088175505133039206e-02 -5.084864198216851316e-02
5.262572147791889620e+03 -1.677817255960706577e-01 -6.374761546988565175e-02 -6.371839844171631184e-02
5.577096343452583824e+03 -1.710084250855202770e-01 -7.941786546304661909e-02 -7.939211705531952490e-02
5.910418470405776134e+03 -1.742351245749699240e-01 -9.825789623117331395e-02 -9.823523567860077688e-02
6.263662010487690168e+03 -1.774618240644195433e-01 -1.205455430251589910e-01 -1.205256311075959264e-01
6.638017591829355297e+03 -1.995102577562392621e-01 -1.463951907266206887e-01 -1.463777252129303541e-01
7.034747001938768335e+03 -2.253263372248828500e-01 -1.756741648750362317e-01 -1.756588764605975239e-01
7.455187440629884804e+03 -2.511424166935259938e-01 -2.079315329201744944e-01 -2.079181816040544528e-01
7.900756027133290445e+03 -2.585966987690040964e-01 -2.423675493372888790e-01 -2.423559211907030941e-01
8.372954576579903005e+03 -2.616220205817357258e-01 -2.778705881099995390e-01 -2.778604923928090775e-01
8.873374661957222997e+03 -2.928843909342392915e-01 -3.131319457627346203e-01 -3.131232123491295982e-01
9.403702978599714697e+03 -3.281783603737633559e-01 -3.468202147292728799e-01 -3.468126918077698573e-01
9.965727029294612294e+03 -3.494881413485519950e-01 -3.777698169433988395e-01 -3.777633689596636701e-01
1.056134114916527506e+04 -3.646141282512048165e-01 -4.051297696540006044e-01 -4.051242754679941216e-01
1.119255289063910641e+04 -3.797401151538575825e-01 -4.284353141918487706e-01 -4.284306654232800105e-01
1.186148979002111810e+04 -3.656549644704916724e-01 -4.475964349935995790e-01 -4.475925345316457138e-01
1.257040653848022157e+04 -3.489156670461574516e-01 -4.628251145098932762e-01 -4.628218751646398510e-01
1.332169258161833750e+04 -3.321763696218237860e-01 -4.745350771408397561e-01 -4.745324204148001490e-01
1.411788017323750682e+04 -3.154370721974900649e-01 -4.832437751986145003e-01 -4.832416301567363792e-01
1.496165291045018967e+04 -2.986977747731563992e-01 -4.894943205897079319e-01 -4.894926228055699324e-01
1.585585477890121365e+04 -3.045713280930173461e-01 -4.938030042083058624e-01 -4.938016947618744656e-01
1.680349973858868907e+04 -3.114284960697631943e-01 -4.966300801189281744e-01 -4.966291046171278922e-01
1.780778188259347371e+04 -3.182856640465090425e-01 -4.983680010446558950e-01 -4.983673086287189191e-01
1.887208620295778383e+04 -3.251428320232548907e-01 -4.993408571552705455e-01 -4.993403994466361073e-01
2.000000000000000364e+04 -3.320000000000007390e-01 -4.998097623771508013e-01 -4.998094922934911977e-01
