freq,target,old,new
2.000000000000000355e+01 9.699999999999973088e-01 6.996176630068253743e-01 7.252034064925870771e-01
2.119532497352141931e+01 9.557355920312620157e-01 6.994959414401186182e-01 7.249511644478083827e-01
2.246209003665904547e+01 9.414711840625265005e-01 6.993397712260697174e-01 7.246293740712779208e-01
2.380456489557430189e+01 9.265944468135621781e-01 6.991398553847982811e-01 7.242195372303660283e-01
2.522727444074887515e+01 8.671259290847496137e-01 6.988844504872243624e-01 7.236983583291862754e-01
2.673501399839415882e+01 8.085854523749304024e-01 6.985587371034674975e-01 7.230365412139867498e-01
2.833286549338041738e+01 7.902235118804369352e-01 6.981440342870542937e-01 7.221973053154994160e-01
3.002621457816347217e+01 7.718615713859433569e-01 6.976168223320453610e-01 7.211345673596003536e-01
3.182076878544305387e+01 7.534996308914498897e-01 6.969475324696589036e-01 7.197907328223497325e-01
3.372257676573761387e+01 7.317952112282732902e-01 6.960990557373201160e-01 7.180940436014455752e-01
3.573804867471657332e+01 6.925538615471914516e-01 6.950249187931100137e-01 7.159554413185467148e-01
3.787397777900721252e+01 6.858624447041535843e-01 6.936670724695298551e-01 7.132649345216930392e-01
4.013756335329935609e+01 6.756749640597837780e-01 6.919532433449260278e-01 7.098875141306747460e-01
4.253643494592419216e+01 6.551951731159413317e-01 6.897938130389531519e-01 7.056587565572569609e-01
4.507867809469583165e+01 6.347153821720986633e-01 6.870782222950371221e-01 7.003804082949722787e-01
4.777286157969196978e+01 6.144397535053667259e-01 6.836709574908632625e-01 6.938164757463477494e-01
5.062806630483134995e+01 5.954724743132525644e-01 6.794072786739103753e-01 6.856906711933845600e-01
5.365391590559452339e+01 5.765051951211382919e-01 6.740890101606569207e-01 6.756864889066525048e-01
5.686060918605328141e+01 5.575379159290241304e-01 6.674809543330134654e-01 6.634516792514297823e-01
6.025895449453985009e+01 5.385706367369097469e-01 6.593088233067140314e-01 6.486093522476087392e-01
6.386040615382054852e+01 5.190667473772563323e-01 6.492600093197732347e-01 6.307781816482470605e-01
6.767710306856467639e+01 4.971029694369591967e-01 6.369889943242673658e-01 6.096038630436174666e-01
7.172190964023661763e+01 4.751391914966617835e-01 6.221296235637781002e-01 5.848026763665777894e-01
7.600845912731772103e+01 4.531754135563643704e-01 6.043166199254922377e-01 5.562153218422885015e-01
8.055119959700596155e+01 4.312116356160671793e-01 5.832182552151831123e-01 5.238650987037979379e-01
8.536544262327643651e+01 4.092559893684111216e-01 5.585805961033530886e-01 4.880097130474356781e-01
9.046741489544203318e+01 3.873297950439366089e-01 5.302808676026773416e-01 4.491723304682481155e-01
9.587431291116433840e+01 3.654036007194619295e-01 4.983833024438999448e-01 4.081374721329171784e-01
1.016043609382604700e+02 3.484181058259163133e-01 4.631862736700548822e-01 3.659030298820082905e-01
1.076768724406697970e+02 3.321020196221598497e-01 4.252464682567542731e-01 3.235907809185150641e-01
1.141123151756204237e+02 3.154949582511378803e-01 3.853668319136377418e-01 2.823307244813290096e-01
1.209323801814087318e+02 2.980149713783191712e-01 3.445416619197366748e-01 2.431436295688687022e-01
1.281600548883199338e+02 2.805349845055004621e-01 3.038636711933304646e-01 2.068468245195272393e-01
1.358197005991142987e+02 2.630549976326814754e-01 2.644100426030779882e-01 1.740001409870558791e-01
1.439371346002304506e+02 2.455750107598627663e-01 2.271318601714781005e-01 1.448961604263489522e-01
1.525397171804688981e+02 2.282721149640379310e-01 1.927700929227670057e-01 1.195872741971716890e-01
1.616564438504543091e+02 2.180334867773388030e-01 1.618121498352999565e-01 9.793556708001228961e-02
1.713180430737100153e+02 2.087516267471551945e-01 1.344904932193761171e-01 7.967086438465581510e-02
1.815570798387511786e+02 1.994697667169717248e-01 1.108143547981709082e-01 6.444561241268423335e-02
1.924080654212952197e+02 1.901879066867882551e-01 9.062050749234973335e-02 5.188002295821601134e-02
2.039075737065460601e+02 1.803023145304119557e-01 7.362936911711875920e-02 4.159517068977976184e-02
2.160943644636257375e+02 1.692092581216499414e-01 5.949639844352198892e-02 3.323461657395336555e-02
2.290095139876562769e+02 1.581162017128879549e-01 4.785335703329883505e-02 2.647660213261534418e-02
2.426965535498286499e+02 1.470231453041259406e-01 3.833788645832982012e-02 2.103928360067252104e-02
2.572016161221133075e+02 1.359300888953637598e-01 3.061234209372182616e-02 1.668128982722414874e-02
2.725735918711548607e+02 1.268061712820539033e-01 2.437400582431057880e-02 1.319943906791434113e-02
2.888642929454564410e+02 1.209602775437525479e-01 1.935905786698853201e-02 1.042495357311942240e-02
3.061286281112719507e+02 1.151143838054512758e-01 1.534243491957486966e-02 8.219074298535347309e-03
3.244247878258346418e+02 1.092684900671500176e-01 1.213524701751035259e-02 6.468638466327334899e-03
3.438144403717149657e+02 1.034225963288487593e-01 9.580952718442425561e-03 5.081939601531689638e-03
3.643629397133950079e+02 9.581883888745057476e-02 7.551088797990514016e-03 3.985026773442962474e-03
3.861395457766499817e+02 8.573232475536751718e-02 5.941042689424848484e-03 3.118497302839744623e-03
4.092176578932022721e+02 7.564581062328445960e-02 4.666138580417185031e-03 2.434776916155323521e-03
4.336750621974871365e+02 6.555929649120120772e-02 3.658164311190967733e-03 1.895849245889166248e-03
4.595941938093926069e+02 5.547278235911815708e-02 2.862376913206769128e-03 1.471382076708366900e-03
4.870624146866830415e+02 4.907753521939092756e-02 2.234973044639094845e-03 1.137193919604016952e-03
5.161723080836154622e+02 4.774155798763539404e-02 1.740983716706790037e-03 8.740064808340341357e-04
5.470219906082421630e+02 4.867524942805608740e-02 1.352541349904862970e-03 6.664335284792618922e-04
5.797154429302137260e+02 4.960894086847678075e-02 1.047464976268901561e-03 5.021627648511645071e-04
6.143628602537394272e+02 5.054263230889748104e-02 8.081121039322900108e-04 3.712934583760070430e-04
6.510810237370064897e+02 4.889320483469195011e-02 6.204509577243971135e-04 2.657983420856612085e-04
6.899936941099432488e+02 4.667423932955013649e-02 4.733127982466961035e-04 1.790833133017108751e-04
7.312320288170387812e+02 4.445527382440832287e-02 3.577900229338061957e-04 1.056227031457775915e-04
7.749350240912265235e+02 4.223630831926646761e-02 2.667512820517136578e-04 4.065129708187436734e-05
8.212499834488596662e+02 4.001734281412465399e-02 1.944496813154764157e-04 -2.010303434412862589e-05
8.703330141848832682e+02 3.474072489258574897e-02 1.362042439976967072e-04 -8.066030227504339173e-05
9.223495535416523126e+02 2.687537363805729204e-02 8.813819121255203333e-05 -1.450158853839132863e-04
9.774749263248855868e+02 1.901002238352897389e-02 4.696029570502871183e-05 -2.173667990992155419e-04
1.035894935846242561e+03 1.114467112900065227e-02 9.777666254582699569e-06 -3.023489563634769364e-04
1.097806490184311542e+03 3.279319874472330643e-03 -2.607014222473337333e-05 -4.052981678566398372e-04
1.163418265874871622e+03 -4.468671207216119712e-03 -6.316474982218792176e-05 -5.325487635643533311e-04
1.232951411267432377e+03 -1.213274189774916044e-02 -1.041587875645205448e-04 -6.917854571498076918e-04
1.306640291918754201e+03 -1.979681258828220117e-02 -1.519303043788207766e-04 -8.924664366211127083e-04
1.384733280535745735e+03 -2.746088327881537547e-02 -2.097504357336487366e-04 -1.146338599174738905e-03
1.467493594130276279e+03 -3.512495396934841446e-02 -2.814738314816577435e-04 -1.468069303104447805e-03
1.555200181207607329e+03 -3.598356843967670526e-02 -3.717626823331546954e-04 -1.876022725801085225e-03
1.648148661978733344e+03 -3.275659110744362501e-02 -4.863571262998399227e-04 -2.393212498311851882e-03
1.746652324765687808e+03 -2.947081549711168605e-02 -6.324074557438357684e-04 -3.048464872533334941e-03
1.851043181958270907e+03 -2.584046599834954189e-02 -8.188870128778094094e-04 -3.877826864275054318e-03
1.961673089081334410e+03 -2.221011649958740120e-02 -1.057109086447801695e-03 -4.926249179326497828e-03
2.078914930744525464e+03 -2.401691934704789852e-02 -1.361376669989753209e-03 -6.249560459841936588e-03
2.203163877471799424e+03 -2.704229836761938566e-02 -1.749800733169193465e-03 -7.916721596352042228e-03
2.334838717646917758e+03 -3.006767738819092484e-02 -2.245330762998841868e-03 -1.001229800026293658e-02
2.474383269064321667e+03 -3.309305640876240850e-02 -2.877050654006344660e-03 -1.263900217376550880e-02
2.622267874843128993e+03 -3.611843542933389911e-02 -3.681803138474302323e-03 -1.592002435044043152e-02
2.778990988746275434e+03 -3.156982832333991851e-02 -4.706215829016058630e-03 -2.000067093397981527e-02
2.945080855248244916e+03 -3.137458540421424885e-02 -6.009209493231087648e-03 -2.504856090019279974e-02
3.121097290014150076e+03 -4.168422777083459485e-02 -7.665070491179336309e-03 -3.125130122923952536e-02
3.307633566791346766e+03 -5.199387013745475350e-02 -9.767157529709146607e-03 -3.881022892818308118e-02
3.505318417073517139e+03 -6.230351250407491909e-02 -1.243227657664947028e-02 -4.792859905702116785e-02
3.714818149277144130e+03 -7.621098137415982521e-02 -1.580567870254444979e-02 -5.879274773251640801e-02
3.936838894573223115e+03 -9.131772574539964715e-02 -2.006648630770502956e-02 -7.154559302767719842e-02
4.172128986943918790e+03 -1.064244701166397189e-01 -2.543309521584394273e-02 -8.625367503038677830e-02
4.421481485486251586e+03 -1.222799948207035359e-01 -3.216768572213039856e-02 -1.028718438267229585e-01
4.685736847464466337e+03 -1.551564088098165428e-01 -4.057835823922963797e-02 -1.212131218970839142e-01
4.965785761120655479e+03 -1.645550261066209830e-01 -5.101657209841070628e-02 -1.409337518550113078e-01
5.262572147791889620e+03 -1.677817255960706577e-01 -6.386658365414327188e-02 -1.615429472039106029e-01
5.577096343452583824e+03 -1.710084250855202770e-01 -7.952272046459819832e-02 -1.824418978611941078e-01
5.910418470405776134e+03 -1.742351245749699240e-01 -9.835018490519306655e-02 -2.029877955848101434e-01
6.263662010487690168e+03 -1.774618240644195433e-01 -1.206266439528174000e-01 -2.225694969072746221e-01
6.638017591829355297e+03 -1.995102577562392621e-01 -1.464663325655737591e-01 -2.406766447485571003e-01
7.034747001938768335e+03 -2.253263372248828500e-01 -1.757364427434305043e-01 -2.569464239005445627e-01
7.455187440629884804e+03 -2.511424166935259938e-01 -2.079859230249031243e-01 -2.711803623391230156e-01
7.900756027133290445e+03 -2.585966987690040964e-01 -2.424149220358837731e-01 -2.833333044852138771e-01
8.372954576579903005e+03 -2.616220205817357258e-01 -2.779117195767347726e-01 -2.934834749750596661e-01
8.873374661957222997e+03 -2.928843909342392915e-01 -3.131675284124901815e-01 -3.017945652668215795e-01
9.403702978599714697e+03 -3.281783603737633559e-01 -3.468508665376485167e-01 -3.084789008898781160e-01
9.965727029294612294e+03 -3.494881413485519950e-01 -3.777960897883163582e-01 -3.137671394416984838e-01
1.056134114916527506e+04 -3.646141282512048165e-01 -4.051521567927595657e-01 -3.178864880784531000e-01
1.119255289063910641e+04 -3.797401151538575825e-01 -4.284542569777437526e-01 -3.210470505238877670e-01
1.186148979002111810e+04 -3.656549644704916724e-01 -4.476123289286344509e-01 -3.234347271761431886e-01
1.257040653848022157e+04 -3.489156670461574516e-01 -4.628383147242851048e-01 -3.252087883245144417e-01
1.332169258161833750e+04 -3.321763696218237860e-01 -4.745459033867163168e-01 -3.265024309205382669e-01
1.411788017323750682e+04 -3.154370721974900649e-01 -4.832525164449288924e-01 -3.274250123992827888e-01
1.496165291045018967e+04 -2.986977747731563992e-01 -4.895012393089601677e-01 -3.280650524208150731e-01
1.585585477890121365e+04 -3.045713280930173461e-01 -4.938083404547961575e-01 -3.284934244741151144e-01
1.680349973858868907e+04 -3.114284960697631943e-01 -4.966340555153519465e-01 -3.287664026527064021e-01
1.780778188259347371e+04 -3.182856640465090425e-01 -4.983708228236930493e-01 -3.289283915398583669e-01
1.887208620295778383e+04 -3.251428320232548907e-01 -4.993427224523769303e-01 -3.290142651086069292e-01
2.000000000000000364e+04 -3.320000000000007390e-01 -4.998108630533938390e-01 -3.290512886328691433e-01
