freq,target,hsretune
2.000000000000000355e+01 9.699999999999973088e-01 8.640323802902998285e-01
2.119532497352141931e+01 9.557355920312620157e-01 8.584430905495550324e-01
2.246209003665904547e+01 9.414711840625265005e-01 8.521909610033356897e-01
2.380456489557430189e+01 9.265944468135621781e-01 8.452034491659449200e-01
2.522727444074887515e+01 8.671259290847496137e-01 8.374022215470178221e-01
2.673501399839415882e+01 8.085854523749304024e-01 8.287034536726943790e-01
2.833286549338041738e+01 7.902235118804369352e-01 8.190184504917012998e-01
3.002621457816347217e+01 7.718615713859433569e-01 8.082546826541863183e-01
3.182076878544305387e+01 7.534996308914498897e-01 7.963173437044895886e-01
3.372257676573761387e+01 7.317952112282732902e-01 7.831115380616499033e-01
3.573804867471657332e+01 6.925538615471914516e-01 7.685451990025515823e-01
3.787397777900721252e+01 6.858624447041535843e-01 7.525328121361635203e-01
4.013756335329935609e+01 6.756749640597837780e-01 7.349999679287853027e-01
4.253643494592419216e+01 6.551951731159413317e-01 7.158886889903419704e-01
4.507867809469583165e+01 6.347153821720986633e-01 6.951633668917783782e-01
4.777286157969196978e+01 6.144397535053667259e-01 6.728170061429948889e-01
5.062806630483134995e+01 5.954724743132525644e-01 6.488773210171518979e-01
5.365391590559452339e+01 5.765051951211382919e-01 6.234120876472190043e-01
5.686060918605328141e+01 5.575379159290241304e-01 5.965330533102101151e-01
6.025895449453985009e+01 5.385706367369097469e-01 5.683976843596403317e-01
6.386040615382054852e+01 5.190667473772563323e-01 5.392081286434255993e-01
6.767710306856467639e+01 4.971029694369591967e-01 5.092069946989931095e-01
7.172190964023661763e+01 4.751391914966617835e-01 4.786698959999183267e-01
7.600845912731772103e+01 4.531754135563643704e-01 4.478951284096082675e-01
8.055119959700596155e+01 4.312116356160671793e-01 4.171912655190995745e-01
8.536544262327643651e+01 4.092559893684111216e-01 3.868637814632339689e-01
9.046741489544203318e+01 3.873297950439366089e-01 3.572019683744662166e-01
9.587431291116433840e+01 3.654036007194619295e-01 3.284673675461640685e-01
1.016043609382604700e+02 3.484181058259163133e-01 3.008846912997649170e-01
1.076768724406697970e+02 3.321020196221598497e-01 2.746358347937142841e-01
1.141123151756204237e+02 3.154949582511378803e-01 2.498571480911387921e-01
1.209323801814087318e+02 2.980149713783191712e-01 2.266397448967212569e-01
1.281600548883199338e+02 2.805349845055004621e-01 2.050323297473991280e-01
1.358197005991142987e+02 2.630549976326814754e-01 1.850458602235285632e-01
1.439371346002304506e+02 2.455750107598627663e-01 1.666593225639222131e-01
1.525397171804688981e+02 2.282721149640379310e-01 1.498259611223168586e-01
1.616564438504543091e+02 2.180334867773388030e-01 1.344794269833812506e-01
1.713180430737100153e+02 2.087516267471551945e-01 1.205394617560155146e-01
1.815570798387511786e+02 1.994697667169717248e-01 1.079168799950415147e-01
1.924080654212952197e+02 1.901879066867882551e-01 9.651773981837764860e-02
2.039075737065460601e+02 1.803023145304119557e-01 8.624668708360808123e-02
2.160943644636257375e+02 1.692092581216499414e-01 7.700952379961148453e-02
2.290095139876562769e+02 1.581162017128879549e-01 6.871508967828923731e-02
2.426965535498286499e+02 1.470231453041259406e-01 6.127656293421028522e-02
2.572016161221133075e+02 1.359300888953637598e-01 5.461228875171782182e-02
2.725735918711548607e+02 1.268061712820539033e-01 4.864623686703195560e-02
2.888642929454564410e+02 1.209602775437525479e-01 4.330817753426107614e-02
3.061286281112719507e+02 1.151143838054512758e-01 3.853365103021037796e-02
3.244247878258346418e+02 1.092684900671500176e-01 3.426379175733263588e-02
3.438144403717149657e+02 1.034225963288487593e-01 3.044505494576220384e-02
3.643629397133950079e+02 9.581883888745057476e-02 2.702888272317867380e-02
3.861395457766499817e+02 8.573232475536751718e-02 2.397133690272557766e-02
4.092176578932022721e+02 7.564581062328445960e-02 2.123271826878028040e-02
4.336750621974871365e+02 6.555929649120120772e-02 1.877718614000647296e-02
4.595941938093926069e+02 5.547278235911815708e-02 1.657238741177518432e-02
4.870624146866830415e+02 4.907753521939092756e-02 1.458910081700271442e-02
5.161723080836154622e+02 4.774155798763539404e-02 1.280089952321555001e-02
5.470219906082421630e+02 4.867524942805608740e-02 1.118383332041587332e-02
5.797154429302137260e+02 4.960894086847678075e-02 9.716130264570320418e-03
6.143628602537394272e+02 5.054263230889748104e-02 8.377916629747664615e-03
6.510810237370064897e+02 4.889320483469195011e-02 7.150953314132756089e-03
6.899936941099432488e+02 4.667423932955013649e-02 6.018386280843902522e-03
7.312320288170387812e+02 4.445527382440832287e-02 4.964508191503315231e-03
7.749350240912265235e+02 4.223630831926646761e-02 3.974528006460252214e-03
8.212499834488596662e+02 4.001734281412465399e-02 3.034344984389656177e-03
8.703330141848832682e+02 3.474072489258574897e-02 2.130323139561142096e-03
9.223495535416523126e+02 2.687537363805729204e-02 1.249061812035552393e-03
9.774749263248855868e+02 1.901002238352897389e-02 3.771575481515888244e-04
1.035894935846242561e+03 1.114467112900065227e-02 -4.990480251080744566e-04
1.097806490184311542e+03 3.279319874472330643e-03 -1.393740236988705869e-03
1.163418265874871622e+03 -4.468671207216119712e-03 -2.321929832488699424e-03
1.232951411267432377e+03 -1.213274189774916044e-02 -3.299784982640955634e-03
1.306640291918754201e+03 -1.979681258828220117e-02 -4.345004504132402023e-03
1.384733280535745735e+03 -2.746088327881537547e-02 -5.477240261823825181e-03
1.467493594130276279e+03 -3.512495396934841446e-02 -6.718576624456717647e-03
1.555200181207607329e+03 -3.598356843967670526e-02 -8.094074011733398688e-03
1.648148661978733344e+03 -3.275659110744362501e-02 -9.632381533929349274e-03
1.746652324765687808e+03 -2.947081549711168605e-02 -1.136641984231310035e-02
1.851043181958270907e+03 -2.584046599834954189e-02 -1.333412863817350254e-02
1.961673089081334410e+03 -2.221011649958740120e-02 -1.557926263657151769e-02
2.078914930744525464e+03 -2.401691934704789852e-02 -1.815220358900205416e-02
2.203163877471799424e+03 -2.704229836761938566e-02 -2.111073244494196532e-02
2.334838717646917758e+03 -3.006767738819092484e-02 -2.452067302839262136e-02
2.474383269064321667e+03 -3.309305640876240850e-02 -2.845627530722226461e-02
2.622267874843128993e+03 -3.611843542933389911e-02 -3.300015240330109179e-02
2.778990988746275434e+03 -3.156982832333991851e-02 -3.824252379036464228e-02
2.945080855248244916e+03 -3.137458540421424885e-02 -4.427945568348776173e-02
3.121097290014150076e+03 -4.168422777083459485e-02 -5.120974444791176472e-02
3.307633566791346766e+03 -5.199387013745475350e-02 -5.913008651695424861e-02
3.505318417073517139e+03 -6.230351250407491909e-02 -6.812825651861252607e-02
3.714818149277144130e+03 -7.621098137415982521e-02 -7.827421831203525138e-02
3.936838894573223115e+03 -9.131772574539964715e-02 -8.960945853430449248e-02
4.172128986943918790e+03 -1.064244701166397189e-01 -1.021353636702959783e-01
4.421481485486251586e+03 -1.222799948207035359e-01 -1.158020979303606285e-01
4.685736847464466337e+03 -1.551564088098165428e-01 -1.305000247018885950e-01
4.965785761120655479e+03 -1.645550261066209830e-01 -1.460560046364152709e-01
5.262572147791889620e+03 -1.677817255960706577e-01 -1.622366321678761214e-01
5.577096343452583824e+03 -1.710084250855202770e-01 -1.787594826862183572e-01
5.910418470405776134e+03 -1.742351245749699240e-01 -1.953118339406053616e-01
6.263662010487690168e+03 -1.774618240644195433e-01 -2.115745134436949892e-01
6.638017591829355297e+03 -1.995102577562392621e-01 -2.272471276855008993e-01
7.034747001938768335e+03 -2.253263372248828500e-01 -2.420704964465482389e-01
7.455187440629884804e+03 -2.511424166935259938e-01 -2.558428352405244244e-01
7.900756027133290445e+03 -2.585966987690040964e-01 -2.684278218177051367e-01
8.372954576579903005e+03 -2.616220205817357258e-01 -2.797545506113429670e-01
8.873374661957222997e+03 -2.928843909342392915e-01 -2.898109090642233543e-01
9.403702978599714697e+03 -3.281783603737633559e-01 -2.986327359984218277e-01
9.965727029294612294e+03 -3.494881413485519950e-01 -3.062912097328852612e-01
1.056134114916527506e+04 -3.646141282512048165e-01 -3.128804705649798623e-01
1.119255289063910641e+04 -3.797401151538575825e-01 -3.185068000313143743e-01
1.186148979002111810e+04 -3.656549644704916724e-01 -3.232800031235482652e-01
1.257040653848022157e+04 -3.489156670461574516e-01 -3.273071109688294178e-01
1.332169258161833750e+04 -3.321763696218237860e-01 -3.306881836248021789e-01
1.411788017323750682e+04 -3.154370721974900649e-01 -3.335138249920589493e-01
1.496165291045018967e+04 -2.986977747731563992e-01 -3.358639764293489538e-01
1.585585477890121365e+04 -3.045713280930173461e-01 -3.378075821705553428e-01
1.680349973858868907e+04 -3.114284960697631943e-01 -3.394027774761222416e-01
1.780778188259347371e+04 -3.182856640465090425e-01 -3.406973111769757145e-01
1.887208620295778383e+04 -3.251428320232548907e-01 -3.417289588520405208e-01
2.000000000000000364e+04 -3.320000000000007390e-01 -3.425256962858974075e-01
