freq,target,base,plusmid
2.000000000000000355e+01 9.699999999999973088e-01 8.640324529507463769e-01 8.644007500435646474e-01
2.119532497352141931e+01 9.557355920312620157e-01 8.584431721547800542e-01 8.588579096592638962e-01
2.246209003665904547e+01 9.414711840625265005e-01 8.521910526544672626e-01 8.526582407022875731e-01
2.380456489557430189e+01 9.265944468135621781e-01 8.452035520996643569e-01 8.457300195323376180e-01
2.522727444074887515e+01 8.671259290847496137e-01 8.374023371522488768e-01 8.379958538411659275e-01
2.673501399839415882e+01 8.085854523749304024e-01 8.287035835093210512e-01 8.293730038064629495e-01
2.833286549338041738e+01 7.902235118804369352e-01 8.190185963116501933e-01 8.197740279185683487e-01
3.002621457816347217e+01 7.718615713859433569e-01 8.082548464250147724e-01 8.091078501508132126e-01
3.182076878544305387e+01 7.534996308914498897e-01 7.963175276359995003e-01 7.972813548426520569e-01
3.372257676573761387e+01 7.317952112282732902e-01 7.831117446356407052e-01 7.842016209198854337e-01
3.573804867471657332e+01 6.925538615471914516e-01 7.685454310063299932e-01 7.697788971143009196e-01
3.787397777900721252e+01 6.858624447041535843e-01 7.525330727001464659e-01 7.539303965752713887e-01
4.013756335329935609e+01 6.756749640597837780e-01 7.350002605687191437e-01 7.365849386468223958e-01
4.253643494592419216e+01 6.551951731159413317e-01 7.158890176547733075e-01 7.176883887767188108e-01
4.507867809469583165e+01 6.347153821720986633e-01 6.951637360152620460e-01 6.972097387495633791e-01
4.777286157969196978e+01 6.144397535053667259e-01 6.728174207059599565e-01 6.751475346132496114e-01
5.062806630483134995e+01 5.954724743132525644e-01 6.488777866130703842e-01 6.515362115363283468e-01
5.365391590559452339e+01 5.765051951211382919e-01 6.234126105580486410e-01 6.264517567298497625e-01
5.686060918605328141e+01 5.575379159290241304e-01 5.965336405911494388e-01 6.000160282443394166e-01
6.025895449453985009e+01 5.385706367369097469e-01 5.683983439342586985e-01 5.723990477692324497e-01
6.386040615382054852e+01 5.190667473772563323e-01 5.392088694105524604e-01 5.438186952957891895e-01
6.767710306856467639e+01 4.971029694369591967e-01 5.092078266527284569e-01 5.145374824727768637e-01
7.172190964023661763e+01 4.751391914966617835e-01 4.786708303643889550e-01 4.848564608545867793e-01
7.600845912731772103e+01 4.531754135563643704e-01 4.478961777903333608e-01 4.551067903301352913e-01
8.055119959700596155e+01 4.312116356160671793e-01 4.171924440729401495e-01 4.256399822198626004e-01
8.536544262327643651e+01 4.092559893684111216e-01 3.868651050892742971e-01 3.968182626123109014e-01
9.046741489544203318e+01 3.873297950439366089e-01 3.572034549283209515e-01 3.690068091656193427e-01
9.587431291116433840e+01 3.654036007194619295e-01 3.284690370806588877e-01 3.425697644970245870e-01
1.016043609382604700e+02 3.484181058259163133e-01 3.008865663351967812e-01 3.178719017536654756e-01
1.076768724406697970e+02 3.321020196221598497e-01 2.746379406212812735e-01 2.952875225216807786e-01
1.141123151756204237e+02 3.154949582511378803e-01 2.498595131137081871e-01 2.752171803207397183e-01
1.209323801814087318e+02 2.980149713783191712e-01 2.266424010113929077e-01 2.581097081168833851e-01
1.281600548883199338e+02 2.805349845055004621e-01 2.050353127750828008e-01 2.444776818299063126e-01
1.358197005991142987e+02 2.630549976326814754e-01 1.850492103912174668e-01 2.348688571156609395e-01
1.439371346002304506e+02 2.455750107598627663e-01 1.666630850461450764e-01 2.296963914304442356e-01
1.525397171804688981e+02 2.282721149640379310e-01 1.498301866489747947e-01 2.287358614871177198e-01
1.616564438504543091e+02 2.180334867773388030e-01 1.344841725221510575e-01 2.301270976248955269e-01
1.713180430737100153e+02 2.087516267471551945e-01 1.205447912782887654e-01 2.294614723055651839e-01
1.815570798387511786e+02 1.994697667169717248e-01 1.079228653356648776e-01 2.211278439974029564e-01
1.924080654212952197e+02 1.901879066867882551e-01 9.652446164060704548e-02 2.028224934652569644e-01
2.039075737065460601e+02 1.803023145304119557e-01 8.625423596198333875e-02 1.779046239048364675e-01
2.160943644636257375e+02 1.692092581216499414e-01 7.701800143511718100e-02 1.518437146984860375e-01
2.290095139876562769e+02 1.581162017128879549e-01 6.872461026180781696e-02 1.282458045801619095e-01
2.426965535498286499e+02 1.470231453041259406e-01 6.128725467606493255e-02 1.083095551907291287e-01
2.572016161221133075e+02 1.359300888953637598e-01 5.462429559743869900e-02 9.190707095496286616e-02
2.725735918711548607e+02 1.268061712820539033e-01 4.865972042155469746e-02 7.847272304594074543e-02
2.888642929454564410e+02 1.209602775437525479e-01 4.332331921953715137e-02 6.740899652727118385e-02
3.061286281112719507e+02 1.151143838054512758e-01 3.855065450402130750e-02 5.821326077853836156e-02
3.244247878258346418e+02 1.092684900671500176e-01 3.428288562413946833e-02 5.049370922849141102e-02
3.438144403717149657e+02 1.034225963288487593e-01 3.046649579409178854e-02 4.395221331202886494e-02
3.643629397133950079e+02 9.581883888745057476e-02 2.705295852755909211e-02 3.836229120841554152e-02
3.861395457766499817e+02 8.573232475536751718e-02 2.399837083255645931e-02 3.355035890935380988e-02
4.092176578932022721e+02 7.564581062328445960e-02 2.126307295078715826e-02 2.938155733475725229e-02
4.336750621974871365e+02 6.555929649120120772e-02 1.881126842567065749e-02 2.574949497780247912e-02
4.595941938093926069e+02 5.547278235911815708e-02 1.661065370631006205e-02 2.256892455193203889e-02
4.870624146866830415e+02 4.907753521939092756e-02 1.463206303147957833e-02 1.977051002657995160e-02
5.161723080836154622e+02 4.774155798763539404e-02 1.284913171697307961e-02 1.729705536867101601e-02
5.470219906082421630e+02 4.867524942805608740e-02 1.123797910600440528e-02 1.510075140859824458e-02
5.797154429302137260e+02 4.960894086847678075e-02 9.776911052618115702e-03 1.314113441680458440e-02
6.143628602537394272e+02 5.054263230889748104e-02 8.446140795299972998e-03 1.138354589318607557e-02
6.510810237370064897e+02 4.889320483469195011e-02 7.227526369356401977e-03 9.797948465499233678e-03
6.899936941099432488e+02 4.667423932955013649e-02 6.104322140128332248e-03 8.357996992871723554e-03
7.312320288170387812e+02 4.445527382440832287e-02 5.060941613526286423e-03 7.040293792136076770e-03
7.749350240912265235e+02 4.223630831926646761e-02 4.082728291872924145e-03 5.823777079865779388e-03
8.212499834488596662e+02 4.001734281412465399e-02 3.155730995848863695e-03 4.689205414570042467e-03
8.703330141848832682e+02 3.474072489258574897e-02 2.266479690171024561e-03 3.618710231465697112e-03
9.223495535416523126e+02 2.687537363805729204e-02 1.401757435333160148e-03 2.595394874067299441e-03
9.774749263248855868e+02 1.901002238352897389e-02 5.483636129942728085e-04 1.602962774305672407e-03
1.035894935846242561e+03 1.114467112900065227e-02 -3.071369644282901127e-04 6.253602470575417857e-04
1.097806490184311542e+03 3.279319874472330643e-03 -1.178685069178159791e-03 -3.535788731432677116e-04
1.163418265874871622e+03 -4.468671207216119712e-03 -2.081024856768519740e-03 -1.350498443011025106e-03
1.232951411267432377e+03 -1.213274189774916044e-02 -3.030035777800618550e-03 -2.382906181273072681e-03
1.306640291918754201e+03 -1.979681258828220117e-02 -4.043106537050034956e-03 -3.469591597395097968e-03
1.384733280535745735e+03 -2.746088327881537547e-02 -5.139559442382114589e-03 -4.631086200578555037e-03
1.467493594130276279e+03 -3.512495396934841446e-02 -6.341133501244294868e-03 -5.890176024491662610e-03
1.555200181207607329e+03 -3.598356843967670526e-02 -7.672533935076251282e-03 -7.272475434475093523e-03
1.648148661978733344e+03 -3.275659110744362501e-02 -9.162053915191495368e-03 -8.807069028767332969e-03
1.746652324765687808e+03 -2.947081549711168605e-02 -1.084227062932376084e-02 -1.052722453430154220e-02
1.851043181958270907e+03 -2.584046599834954189e-02 -1.275081130534967515e-02 -1.247117294622951747e-02
1.961673089081334410e+03 -2.221011649958740120e-02 -1.493117431707097729e-02 -1.468294153008256608e-02
2.078914930744525464e+03 -2.401691934704789852e-02 -1.743357435008661277e-02 -1.721320905930845760e-02
2.203163877471799424e+03 -2.704229836761938566e-02 -2.031575691228350994e-02 -2.012012888783159398e-02
2.334838717646917758e+03 -3.006767738819092484e-02 -2.364369422026893833e-02 -2.347003214496886161e-02
2.474383269064321667e+03 -3.309305640876240850e-02 -2.749203003511073787e-02 -2.733787883201901567e-02
2.622267874843128993e+03 -3.611843542933389911e-02 -3.194408503457252246e-02 -3.180726857687253550e-02
2.778990988746275434e+03 -3.156982832333991851e-02 -3.709116936355776051e-02 -3.696975782596391424e-02
2.945080855248244916e+03 -3.137458540421424885e-02 -4.303088295047926420e-02 -4.292316417548096980e-02
3.121097290014150076e+03 -4.168422777083459485e-02 -4.986403318974173132e-02 -4.976848753576890161e-02
3.307633566791346766e+03 -5.199387013745475350e-02 -5.768979109818765660e-02 -5.760506931521195556e-02
3.505318417073517139e+03 -6.230351250407491909e-02 -6.659878073103710217e-02 -6.652368447453195499e-02
3.714818149277144130e+03 -7.621098137415982521e-02 -7.666400006796045274e-02 -7.659746471680178859e-02
3.936838894573223115e+03 -9.131772574539964715e-02 -8.792984625656251330e-02 -8.787092574679125634e-02
4.172128986943918790e+03 -1.064244701166397189e-01 -1.004000726467230015e-01 -1.003479260721799604e-01
4.421481485486251586e+03 -1.222799948207035359e-01 -1.140261784850468002e-01 -1.139800582489418901e-01
4.685736847464466337e+03 -1.551564088098165428e-01 -1.286983623637459606e-01 -1.286576036937197853e-01
4.965785761120655479e+03 -1.645550261066209830e-01 -1.442414972711727750e-01 -1.442055089343934338e-01
5.262572147791889620e+03 -1.677817255960706577e-01 -1.604183195804559370e-01 -1.603865756562642408e-01
5.577096343452583824e+03 -1.710084250855202770e-01 -1.769409912222889847e-01 -1.769130238075853900e-01
5.910418470405776134e+03 -1.742351245749699240e-01 -1.934904929228431492e-01 -1.934658856610156630e-01
6.263662010487690168e+03 -1.774618240644195433e-01 -2.097413805334426562e-01 -2.097197628708158679e-01
6.638017591829355297e+03 -1.995102577562392621e-01 -2.253879531117767288e-01 -2.253689951972692174e-01
7.034747001938768335e+03 -2.253263372248828500e-01 -2.401674311818262075e-01 -2.401508393354790105e-01
7.455187440629884804e+03 -2.511424166935259938e-01 -2.538765263475351586e-01 -2.538620390323226839e-01
7.900756027133290445e+03 -2.585966987690040964e-01 -2.663794909159954982e-01 -2.663668751549918556e-01
8.372954576579903005e+03 -2.616220205817357258e-01 -2.776077189168325021e-01 -2.775967671043622631e-01
8.873374661957222997e+03 -2.928843909342392915e-01 -2.875525714448469716e-01 -2.875430985060555278e-01
9.403702978599714697e+03 -3.281783603737633559e-01 -2.962539383547884153e-01 -2.962457792130410716e-01
9.965727029294612294e+03 -3.494881413485519950e-01 -3.037871027588479600e-01 -3.037801100746254646e-01
1.056134114916527506e+04 -3.646141282512048165e-01 -3.102499784426148710e-01 -3.102440205913469806e-01
1.119255289063910641e+04 -3.797401151538575825e-01 -3.157520580894758178e-01 -3.157470173486394138e-01
1.186148979002111810e+04 -3.656549644704916724e-01 -3.204056998535697587e-01 -3.204014707719732291e-01
1.257040653848022157e+04 -3.489156670461574516e-01 -3.243198351002929414e-01 -3.243163230242485651e-01
1.332169258161833750e+04 -3.321763696218237860e-01 -3.275958401437094603e-01 -3.275929598758828276e-01
1.411788017323750682e+04 -3.154370721974900649e-01 -3.303251530247407475e-01 -3.303228275918655976e-01
1.496165291045018967e+04 -2.986977747731563992e-01 -3.325881798035579817e-01 -3.325863393082620356e-01
1.585585477890121365e+04 -3.045713280930173461e-01 -3.344540700496945740e-01 -3.344526505795409332e-01
1.680349973858868907e+04 -3.114284960697631943e-01 -3.359810061707911855e-01 -3.359799487330328849e-01
1.780778188259347371e+04 -3.182856640465090425e-01 -3.372167172428086057e-01 -3.372159666855992222e-01
1.887208620295778383e+04 -3.251428320232548907e-01 -3.381989764517006614e-01 -3.381984803193344713e-01
2.000000000000000364e+04 -3.320000000000007390e-01 -3.389558578077397910e-01 -3.389555650555574617e-01
